1 1 1382 287
1 2 998 250
1 3 892 691
1 4 1063 940
2 1 1381 287
2 2 998 250
2 3 892 691
2 4 1062 942
3 1 1377 294
3 2 994 250
3 3 892 690
3 4 1058 942
4 1 1376 306
4 2 993 250
4 3 892 688
4 4 1051 943
5 1 1375 317
5 2 992 251
5 3 892 686
6 1 1374 321
6 2 992 248
6 3 892 684
6 4 1048 945
7 1 1370 322
7 2 992 246
7 3 892 684
8 1 1368 325
8 2 992 244
8 3 892 684
8 4 1042 942
9 1 1367 328
9 2 991 238
9 3 892 683
9 5 1075 776
10 1 1367 334
10 2 991 231
10 3 892 683
10 5 1076 788
11 1 1366 337
11 2 991 225
11 3 892 682
11 5 1077 792
12 1 1363 337
12 2 991 224
12 3 892 682
12 5 1077 803
13 1 1361 337
13 2 991 222
13 3 892 682
13 5 1077 785
14 1 1361 340
14 2 987 220
14 3 892 683
14 5 1077 826
14 4 1014 946
15 1 1360 341
15 2 986 219
15 3 892 684
16 1 1360 341
16 2 986 219
16 3 892 677
16 5 1083 858
16 4 1012 945
17 1 1359 341
17 2 985 218
17 3 892 673
17 4 1006 949
18 1 1356 343
18 2 985 215
18 3 892 671
18 4 995 995
19 1 1354 345
19 2 985 214
19 3 891 670
19 4 991 1018
20 1 1353 348
20 2 985 214
20 3 891 670
20 4 986 1030
21 1 1352 355
21 2 985 214
21 3 887 670
21 4 983 1038
21 5 1084 883
22 1 1349 365
22 2 984 208
22 3 886 670
22 4 978 1040
22 5 1084 890
23 1 1347 369
23 2 983 205
23 3 885 669
23 4 976 1040
23 5 1089 898
24 1 1346 375
24 2 980 207
24 3 885 669
24 4 971 1039
24 5 1090 900
25 1 1346 378
25 2 979 204
25 3 885 641
25 4 969 1042
26 1 1345 382
26 2 978 196
26 3 885 651
26 4 964 1040
26 5 1091 906
27 1 1345 383
27 2 977 193
27 3 885 644
27 4 962 1038
27 5 1087 907
28 1 1342 384
28 2 977 192
28 3 885 651
28 4 957 1035
28 5 1085 905
29 1 1341 384
29 2 977 188
29 3 885 654
29 4 950 1033
30 1 1339 383
30 2 977 186
30 3 885 664
30 4 943 1031
30 5 1090 890
31 1 1339 382
31 2 977 185
31 3 885 669
31 4 940 1032
31 5 1091 885
32 1 1339 382
32 2 978 185
32 3 889 678
32 4 935 1036
32 5 1092 884
33 1 1339 385
33 2 978 185
33 3 891 681
33 4 929 1038
33 5 1091 883
34 1 1340 386
34 3 891 683
34 4 922 1048
34 5 1092 882
35 1 1340 387
35 3 892 691
35 4 915 1057
35 5 1092 891
35 2 983 181
36 1 1344 391
36 3 892 695
36 4 912 1062
36 5 1092 893
36 2 984 179
37 1 1346 394
37 3 888 689
37 4 907 1065
37 5 1091 895
37 2 985 179
38 1 1351 402
38 3 890 694
38 4 900 1068
38 5 1091 894
39 1 1353 404
39 3 891 689
39 4 893 1070
39 5 1091 893
40 1 1355 409
40 3 887 687
40 4 886 1070
40 5 1091 892
41 1 1359 412
41 3 886 687
41 4 883 1067
41 5 1091 892
42 1 1361 413
42 3 885 687
42 4 873 1064
43 1 1366 419
43 3 885 687
43 4 865 1061
43 2 991 161
43 5 1091 881
44 1 1368 420
44 3 885 687
44 4 858 1066
44 2 991 158
44 5 1091 878
45 1 1373 420
45 3 885 687
45 4 855 1069
45 5 1087 870
46 1 1376 420
46 3 885 686
46 4 845 1079
46 5 1085 878
47 1 1380 419
47 3 885 686
47 4 841 1091
47 5 1084 872
48 1 1382 419
48 3 885 686
48 4 840 1096
48 5 1079 873
49 1 1384 418
49 3 885 686
49 4 835 1096
49 5 1077 874
50 1 1389 423
50 3 885 693
50 4 829 1102
50 5 1076 887
51 1 1394 432
51 3 885 689
51 4 826 1102
51 5 1072 891
52 1 1397 438
52 3 885 694
52 4 821 1102
52 5 1070 893
53 1 1402 445
53 3 885 690
53 4 819 1101
53 5 1069 883
54 1 1409 453
54 3 885 695
54 4 810 1098
54 5 1064 899
55 1 1416 455
55 3 885 690
55 4 806 1096
55 5 1062 911
56 1 1419 456
56 3 885 688
56 4 800 1095
56 5 1058 921
57 1 1424 460
57 3 885 694
57 4 794 1095
57 5 1055 924
58 1 1430 461
58 3 885 696
58 4 787 1102
58 5 1050 926
59 1 1433 462
59 3 885 697
59 4 780 1112
59 5 1043 928
60 1 1434 461
60 3 885 691
60 4 777 1115
60 5 1040 932
61 1 1439 462
61 3 884 688
61 4 772 1108
61 5 1035 932
62 1 1449 466
62 3 884 685
62 4 761 1120
62 5 1028 930
63 1 1454 467
63 3 884 685
63 4 756 1142
63 5 1021 929
64 1 1460 466
64 3 880 676
64 4 750 1149
64 5 1015 927
65 1 1466 465
65 3 878 672
65 4 748 1150
65 5 1012 925
66 1 1474 464
66 3 878 670
66 4 738 1132
66 5 1006 929
67 1 1481 462
67 3 878 670
67 4 735 1124
67 5 1004 930
68 1 1488 462
68 3 878 670
68 4 729 1119
68 5 999 930
69 1 1496 466
69 3 878 670
69 4 727 1118
69 5 997 930
70 1 1507 469
70 3 878 670
70 4 722 1125
70 5 992 933
71 1 1516 470
71 3 878 671
71 4 720 1125
71 5 986 933
72 1 1524 475
72 3 882 671
72 4 715 1130
72 5 983 938
73 1 1531 477
73 3 883 671
73 4 713 1122
73 5 982 946
74 1 1539 480
74 3 884 671
74 4 703 1115
74 5 978 963
75 1 1546 480
75 3 885 673
75 4 700 1119
75 5 976 976
76 1 1553 481
76 3 885 673
76 4 694 1120
76 5 971 986
77 1 1560 481
77 3 885 673
77 4 692 1125
77 5 969 995
78 1 1572 481
78 3 885 673
78 4 682 1123
78 5 964 995
79 1 1580 482
79 3 885 673
79 5 962 993
80 1 1588 485
80 3 885 673
80 5 962 995
81 1 1596 492
81 3 885 673
81 5 961 995
82 1 1608 502
82 3 885 673
82 5 957 989
82 4 652 1123
83 1 1621 506
83 3 885 673
83 5 955 986
83 10 1055 60
83 4 649 1132
84 1 1630 507
84 3 885 673
84 5 955 989
84 10 1055 56
84 4 639 1126
85 1 1638 505
85 3 885 673
85 5 950 998
85 10 1056 52
85 4 631 1122
86 1 1650 503
86 3 885 672
86 5 944 1016
86 10 1056 49
86 4 623 1129
87 1 1655 502
87 3 889 673
87 5 941 1034
87 10 1061 46
87 4 616 1141
88 1 1661 503
88 3 891 674
88 5 940 1050
88 10 1063 44
88 4 609 1137
89 1 1668 502
89 3 891 675
89 5 935 1062
89 10 1064 43
89 4 606 1126
90 1 1679 503
90 3 892 676
90 5 929 1067
90 4 596 1115
91 1 1688 504
91 3 892 677
91 5 922 1074
91 4 588 1119
92 1 1700 504
92 3 892 678
92 5 919 1085
92 4 580 1120
93 1 1709 504
93 3 892 678
93 5 914 1086
93 4 577 1120
94 1 1726 505
94 3 892 678
94 5 903 1089
94 4 567 1115
95 1 1737 504
95 3 892 677
95 5 894 1088
95 4 559 1114
96 1 1745 504
96 3 891 677
96 5 886 1093
96 4 552 1123
97 1 1753 503
97 3 892 677
97 5 879 1095
97 4 544 1119
98 1 1769 501
98 3 891 678
98 5 867 1100
98 4 537 1126
99 1 1780 500
99 3 888 678
99 5 858 1107
99 4 530 1135
99 10 1085 31
100 1 1788 500
100 3 886 678
100 5 850 1108
100 4 518 1122
100 10 1085 30
101 1 1796 500
101 3 886 679
101 5 848 1105
101 4 514 1142
101 10 1090 27
102 1 1807 496
102 3 885 680
102 5 837 1126
102 4 503 1148
103 1 1816 496
103 3 885 675
103 5 829 1138
103 4 495 1158
104 1 1824 496
104 3 885 675
104 5 821 1139
104 4 492 1160
105 1 1831 497
105 3 885 681
105 5 814 1143
105 4 486 1160
105 10 1098 20
106 1 1843 490
106 3 885 678
106 5 807 1145
106 4 480 1173
106 10 1099 19
107 1 1852 489
107 3 885 678
107 5 800 1141
107 4 473 1175
107 10 1099 20
108 1 1864 482
108 3 885 678
108 5 793 1147
108 4 466 1181
108 10 1099 20
109 1 1873 479
109 3 885 678
109 4 459 1179
109 10 1099 22
110 1 1885 483
110 3 889 686
110 4 447 1161
111 1 1890 481
111 3 891 695
111 4 438 1161
112 1 1896 480
112 3 892 699
113 1 1897 474
113 3 897 707
114 1 1902 472
114 3 899 714
115 1 1908 474
115 3 904 717
116 3 906 723
117 3 911 726
118 3 918 736
118 4 381 1137
119 3 921 738
119 4 379 1133
120 3 925 739
120 4 373 1131
121 3 928 739
121 4 367 1146
122 3 933 741
123 3 936 741
124 3 941 741
124 4 346 1150
125 3 947 739
125 4 343 1147
126 3 954 737
126 4 338 1147
127 3 961 735
127 4 336 1151
128 3 968 739
129 3 975 741
130 3 987 755
131 3 996 766
132 3 1000 768
133 3 1006 772
134 3 1017 767
135 3 1025 770
136 3 1033 778
137 3 1036 778
138 3 1042 776
139 3 1048 779
140 3 1051 781
141 3 1056 788
142 3 1058 795
143 3 1063 803
144 3 1064 806
145 3 1065 808
146 3 1065 816
147 3 1065 820
148 3 1069 820
149 3 1071 825
150 3 1071 826
151 3 1072 827
152 3 1072 827
153 3 1072 827
154 3 1072 826
155 3 1075 825
156 3 1077 824
157 3 1077 823
158 3 1073 822
159 3 1072 822
160 3 1071 828
161 3 1071 823
162 3 1070 827
163 3 1070 828
164 3 1070 829
165 3 1069 828
166 3 1066 829
167 3 1064 827
168 3 1063 835
169 3 1063 853
170 3 1058 867
171 3 1052 879
172 3 1049 889
173 3 1044 891
174 3 1037 905
175 3 1030 910
176 3 1022 918
177 3 1015 926
178 3 1003 925
179 3 994 930
180 3 986 929
181 3 979 926
182 3 971 929
183 3 960 926
184 3 955 930
185 3 949 945
186 3 938 985
187 3 933 1010
188 3 923 1026
189 3 919 1036
190 3 909 1054
191 3 896 1063
192 3 886 1063
193 3 878 1068
194 3 862 1070
195 3 851 1069
196 3 838 1071
197 3 833 1074
198 3 817 1077
199 3 807 1082
200 3 799 1088
201 3 792 1091
202 3 770 1093
203 3 753 1094
204 3 738 1090
205 3 723 1094
208 3 680 1157
212 3 636 1181
371 12 1888 1018
372 12 1881 1016
373 12 1869 1016
374 12 1859 1015
375 12 1852 1011
376 12 1844 1013
377 12 1837 1011
378 12 1830 1012
379 12 1828 1007
380 12 1822 997
381 12 1811 963
382 12 1798 942
383 12 1789 937
384 12 1781 927
385 12 1754 916
386 12 1745 913
387 12 1737 907
388 12 1734 907
389 12 1724 907
390 12 1716 901
391 12 1709 899
392 12 1706 900
393 12 1701 894
394 12 1694 887
395 12 1687 878
396 12 1681 868
397 12 1669 842
398 12 1660 831
399 12 1653 825
400 12 1650 823
401 12 1640 823
402 12 1636 823
403 12 1631 824
404 12 1625 826
405 12 1618 825
406 12 1611 826
407 12 1608 822
408 12 1603 821
409 12 1596 815
410 12 1589 810
411 12 1586 794
412 12 1581 782
413 12 1575 764
414 12 1568 749
415 12 1565 737
416 12 1560 732
417 12 1554 735
418 12 1547 735
419 12 1544 728
420 12 1539 724
421 12 1532 718
422 12 1525 717
423 12 1523 717
424 12 1517 712
425 12 1506 704
426 12 1498 700
427 12 1494 693
428 12 1489 683
429 12 1478 672
430 12 1469 663
431 12 1465 661
432 12 1460 661
433 12 1454 662
434 12 1447 659
435 12 1444 659
436 12 1439 659
437 12 1433 659
438 12 1430 655
439 12 1425 655
440 12 1423 656
441 12 1418 653
442 12 1411 652
443 12 1405 646
444 12 1402 643
445 12 1392 629
446 12 1388 616
447 12 1383 609
448 12 1380 607
449 12 1375 601
450 12 1368 600
451 12 1362 600
452 12 1355 601
453 12 1347 601
454 12 1341 601
455 12 1338 601
456 12 1332 602
457 12 1321 596
458 12 1317 595
459 12 1311 588
460 12 1305 587
461 12 1297 578
462 12 1290 575
462 13 1057 17
463 12 1283 573
464 12 1276 568
465 12 1268 574
465 13 1056 16
466 12 1261 578
467 12 1255 575
468 12 1252 574
469 12 1251 573
470 12 1247 574
470 13 1044 18
471 12 1245 568
471 13 1043 18
472 12 1244 566
472 13 1042 16
473 12 1240 566
473 13 1042 14
474 12 1238 567
474 13 1042 13
475 12 1233 562
475 13 1042 14
476 12 1232 561
476 13 1042 15
477 12 1222 536
477 13 1042 15
478 12 1218 528
478 13 1042 16
479 12 1213 530
479 13 1042 15
480 12 1210 531
481 12 1205 534
481 13 1043 15
482 12 1203 535
482 13 1043 15
483 12 1202 529
484 12 1198 526
484 13 1043 15
485 12 1192 518
485 13 1047 19
486 12 1190 514
486 13 1048 22
487 12 1188 513
487 13 1045 24
488 12 1185 513
488 13 1044 26
489 12 1178 511
489 13 1043 29
490 12 1176 510
490 13 1046 34
491 12 1175 509
491 13 1044 36
492 12 1174 509
492 13 1047 40
493 12 1169 509
493 13 1048 40
494 12 1164 508
494 13 1048 41
495 12 1161 503
495 13 1048 42
496 12 1156 497
496 13 1044 42
497 12 1150 489
497 13 1043 41
498 12 1147 484
498 13 1042 42
499 12 1142 476
499 13 1042 43
500 12 1140 472
500 13 1042 45
501 12 1135 466
501 13 1041 50
502 12 1133 464
502 13 1037 54
503 12 1128 465
503 13 1035 55
504 12 1126 465
504 13 1035 55
505 12 1125 462
505 13 1039 55
506 12 1121 462
506 13 1036 58
507 12 1119 461
507 13 1035 57
508 12 1118 462
508 13 1034 58
509 12 1118 462
509 13 1038 53
510 12 1117 463
510 13 1036 53
511 12 1117 460
511 13 1039 52
512 12 1114 458
512 13 1040 53
513 12 1112 454
513 13 1041 56
514 12 1112 451
514 13 1041 58
515 12 1112 444
515 13 1037 62
516 12 1112 436
516 13 1035 66
517 12 1112 423
517 13 1035 69
518 12 1112 417
518 13 1035 71
519 12 1112 411
519 13 1034 72
520 12 1111 409
520 13 1038 75
521 12 1111 408
521 13 1039 76
522 12 1107 409
522 13 1040 78
523 12 1105 411
523 13 1040 79
524 12 1105 411
524 13 1041 79
525 12 1100 413
525 13 1042 79
526 12 1099 412
526 13 1042 80
527 12 1098 409
527 13 1042 81
528 12 1097 407
528 13 1042 84
529 12 1092 401
529 13 1045 88
530 12 1090 393
530 13 1047 91
531 12 1086 389
531 13 1047 95
532 12 1084 381
532 13 1048 97
533 12 1083 376
533 13 1048 98
534 12 1078 373
534 13 1048 98
535 12 1077 369
535 13 1048 97
536 12 1076 367
536 13 1048 95
537 12 1075 367
537 13 1048 93
538 12 1075 368
538 13 1048 91
539 12 1075 368
539 13 1044 90
540 12 1075 368
540 13 1042 88
541 12 1075 369
541 13 1046 88
542 12 1075 369
542 13 1047 89
543 12 1076 369
543 13 1048 91
544 12 1076 367
544 13 1048 93
545 12 1076 366
545 13 1048 92
546 12 1076 363
546 13 1048 91
547 12 1077 362
547 13 1048 92
548 12 1077 360
548 13 1048 93
549 12 1077 346
550 12 1077 341
551 12 1078 335
552 12 1077 330
553 12 1078 328
554 12 1078 327
555 12 1078 327
556 12 1078 326
557 12 1078 324
558 12 1078 324
559 12 1077 324
560 12 1077 326
561 12 1076 326
562 12 1076 323
563 12 1076 322
564 12 1072 322
565 12 1070 323
566 12 1068 323
567 12 1065 323
568 12 1063 320
569 12 1062 319
570 12 1057 312
571 12 1055 310
571 13 1091 175
572 12 1051 308
572 13 1096 180
573 12 1049 307
573 13 1099 186
574 12 1047 307
574 13 1103 189
575 12 1043 303
575 13 1105 194
576 12 1040 301
576 13 1111 198
577 12 1036 300
577 13 1117 202
578 12 1034 300
578 13 1120 202
579 12 1033 300
579 13 1125 206
580 12 1033 300
580 13 1128 209
581 12 1033 301
581 13 1132 211
582 12 1033 302
582 13 1134 213
583 12 1033 302
583 13 1135 213
584 12 1029 298
584 13 1140 214
585 12 1027 297
585 13 1142 215
586 12 1027 296
586 13 1143 215
587 12 1026 295
587 13 1147 215
588 12 1022 280
588 13 1149 219
589 12 1021 276
589 13 1150 223
590 12 1020 272
590 13 1153 228
591 12 1020 270
591 13 1155 231
592 12 1020 265
592 13 1156 230
593 12 1020 263
593 13 1157 238
594 12 1020 262
594 13 1160 245
595 12 1020 261
595 13 1162 248
596 12 1020 259
596 13 1163 253
597 12 1020 259
597 13 1164 255
598 12 1020 259
598 13 1168 255
599 12 1021 260
599 13 1169 254
600 12 1024 261
600 13 1171 253
601 12 1026 262
601 13 1175 250
602 12 1026 263
602 13 1176 249
603 12 1027 262
603 13 1177 254
604 12 1027 258
604 13 1178 257
605 12 1028 255
605 13 1178 263
606 12 1032 251
606 13 1182 267
607 12 1033 247
607 13 1184 273
608 12 1035 236
608 13 1188 280
609 12 1039 232
609 13 1190 284
610 12 1041 228
610 13 1191 286
611 12 1046 226
611 13 1192 292
612 12 1049 224
612 13 1196 293
613 12 1054 223
613 13 1198 288
614 12 1056 223
614 13 1203 292
615 12 1061 222
615 13 1205 293
616 12 1063 222
616 13 1210 295
617 12 1069 222
617 13 1212 294
618 12 1071 223
618 13 1213 296
619 12 1076 222
619 13 1213 297
620 12 1082 218
620 13 1217 298
621 12 1085 216
621 13 1219 303
622 12 1089 215
622 13 1220 307
623 12 1092 213
623 13 1220 313
624 12 1097 209
624 13 1225 324
624 14 558 406
625 12 1103 208
625 13 1227 334
625 14 558 407
626 12 1106 207
626 13 1227 338
626 14 558 408
627 12 1111 208
627 13 1231 345
627 14 558 408
628 12 1117 208
628 13 1233 347
628 14 563 411
629 12 1121 209
629 13 1234 346
629 14 565 412
630 12 1126 208
630 13 1235 346
630 14 566 415
631 12 1132 206
631 13 1238 345
632 12 1139 206
632 13 1241 344
632 14 571 431
633 12 1138 207
633 13 1241 343
633 14 572 431
634 12 1141 207
634 13 1245 347
634 14 577 436
635 12 1142 207
635 13 1247 356
635 14 579 437
636 12 1152 205
636 13 1253 364
636 14 585 443
637 12 1156 204
637 13 1255 370
637 14 587 447
638 12 1161 205
638 13 1260 376
638 14 587 452
639 12 1168 205
639 13 1262 381
639 14 588 453
640 12 1175 199
640 13 1267 386
640 14 592 449
641 12 1182 193
641 13 1269 388
641 14 594 448
642 12 1185 190
642 13 1270 387
642 14 599 447
643 12 1190 190
643 13 1275 387
643 14 601 448
644 12 1197 193
644 13 1280 386
644 14 611 448
645 12 1203 191
645 13 1283 385
645 14 615 451
646 12 1206 189
646 13 1284 386
646 14 620 452
647 12 1211 187
647 13 1289 390
647 14 623 454
648 12 1214 187
648 13 1291 391
648 14 628 457
649 12 1218 188
649 13 1296 397
649 14 630 462
650 12 1220 187
650 13 1297 400
650 14 631 466
651 12 1221 186
651 13 1298 409
651 14 635 468
652 12 1226 180
652 13 1303 422
652 14 637 466
653 12 1232 173
653 13 1305 427
653 14 638 467
654 12 1234 165
654 13 1305 428
654 14 642 469
655 12 1239 161
655 13 1306 427
655 14 643 470
656 12 1241 173
656 13 1310 424
656 14 644 477
657 12 1242 179
657 13 1311 427
657 14 645 482
657 15 551 442
658 12 1242 184
658 13 1312 427
658 14 645 488
658 15 551 442
659 12 1242 187
659 13 1312 427
659 14 645 493
659 15 551 442
660 12 1246 186
660 13 1317 432
660 14 649 499
660 15 551 448
661 13 1318 441
661 14 651 501
661 15 551 454
662 13 1319 444
662 14 652 506
662 15 556 456
662 12 1253 183
663 13 1320 449
663 14 652 509
663 15 557 456
663 12 1254 180
664 13 1324 459
664 14 656 516
664 15 558 462
665 13 1330 470
665 14 657 518
665 15 558 469
666 13 1333 478
666 14 658 518
666 15 559 472
667 13 1334 482
667 14 658 522
667 15 559 475
668 13 1338 489
668 14 659 523
668 15 559 482
669 13 1344 497
669 14 663 524
669 15 563 490
670 13 1347 499
670 14 664 523
670 15 564 499
671 13 1348 499
671 14 665 523
672 13 1353 500
672 14 671 527
672 15 565 513
673 13 1359 505
673 14 676 530
674 13 1361 507
674 14 679 536
675 13 1363 507
675 14 680 539
675 15 566 520
676 13 1367 509
676 14 685 545
676 15 570 519
677 13 1369 510
677 14 687 553
677 15 572 519
678 13 1374 512
678 14 692 556
678 15 573 518
679 13 1376 519
679 14 693 557
679 15 577 518
680 13 1377 536
680 14 694 557
680 15 579 523
681 13 1381 548
681 14 695 555
681 15 580 528
682 13 1383 556
682 14 699 558
682 15 580 531
683 13 1383 565
683 14 700 558
683 15 580 531
684 13 1384 574
684 14 701 566
684 15 580 542
685 13 1384 576
685 14 702 575
685 15 580 552
686 13 1384 582
686 14 706 585
686 15 580 558
687 13 1384 583
687 14 707 591
687 15 580 559
688 13 1384 581
688 14 708 599
688 15 580 561
689 13 1384 580
689 14 709 607
689 15 581 561
690 13 1388 577
690 14 713 616
690 15 581 560
691 13 1389 574
691 14 714 619
691 15 584 560
692 13 1390 578
692 14 716 623
692 15 585 557
693 13 1395 584
693 14 720 623
693 15 586 560
694 13 1397 594
694 14 722 624
694 15 586 563
695 13 1398 604
695 14 722 624
695 15 586 571
696 13 1402 615
696 14 723 623
696 15 587 585
697 13 1404 624
697 14 727 621
697 15 587 593
698 13 1409 633
698 14 729 620
698 15 591 597
699 13 1411 636
699 14 734 618
699 15 589 604
700 13 1416 641
700 14 741 622
700 15 592 610
701 13 1419 642
701 14 743 625
701 15 589 615
702 13 1424 641
702 14 748 626
702 15 588 616
703 13 1426 639
703 14 751 632
703 15 587 615
704 13 1431 643
704 14 756 633
704 15 587 614
705 13 1433 644
705 14 758 634
705 15 587 614
706 13 1434 643
706 14 763 632
706 15 587 613
707 13 1438 648
707 14 765 632
707 15 586 612
708 13 1440 654
708 14 770 632
708 15 587 614
709 13 1441 658
709 14 772 632
709 15 587 614
710 13 1445 665
710 14 777 635
710 15 591 614
711 13 1447 676
711 14 779 637
711 15 593 615
712 13 1447 691
712 14 780 647
712 15 598 613
713 13 1448 695
713 14 784 656
713 15 600 612
714 13 1448 695
714 14 786 661
714 15 601 612
715 13 1447 701
715 14 787 665
715 15 601 614
716 13 1447 707
716 14 796 672
716 15 606 617
717 13 1447 709
717 14 799 680
717 15 608 615
718 13 1447 707
718 14 805 682
718 15 608 617
719 13 1447 713
719 14 807 681
719 15 609 619
720 13 1447 719
720 14 808 681
720 15 609 624
721 13 1447 719
721 14 808 680
721 15 613 626
722 13 1451 718
722 14 813 685
722 15 615 627
723 13 1453 722
723 14 815 688
723 15 615 629
724 13 1453 723
724 14 820 687
724 15 616 627
725 13 1454 728
725 14 822 686
725 15 620 628
