1 1 231 367
1 2 295 381
2 1 231 366
2 2 296 382
3 1 232 365
3 2 301 382
4 1 236 365
4 2 303 382
5 1 238 364
5 2 304 382
6 1 239 364
6 2 308 381
7 1 240 364
7 2 310 381
8 1 244 365
8 2 310 382
8 3 289 346
9 1 246 366
9 2 311 383
9 3 293 337
10 1 250 365
10 2 311 382
11 1 253 364
11 2 311 383
12 1 254 364
12 2 315 383
13 1 258 365
13 2 317 383
14 1 260 366
14 2 322 382
15 1 260 365
15 2 324 381
16 1 265 365
16 2 324 380
17 1 267 366
17 2 325 381
18 1 268 366
18 2 329 380
18 3 316 347
19 1 272 366
19 2 331 379
20 1 275 367
20 2 336 380
21 1 276 367
21 2 338 380
22 1 280 367
22 2 344 380
23 1 282 366
23 2 350 381
24 1 283 365
24 2 352 364
25 1 286 366
25 2 353 375
26 1 288 366
26 2 354 363
27 1 289 366
27 2 358 357
28 1 290 362
28 2 360 345
29 1 294 362
29 2 360 342
29 3 338 335
30 1 295 359
30 2 365 348
31 1 297 358
31 2 367 340
31 3 344 323
32 1 301 358
32 2 368 339
32 3 345 321
33 1 303 359
33 2 373 345
34 1 307 361
34 2 379 348
35 1 310 362
35 2 381 349
36 1 311 361
36 2 382 348
37 1 311 360
37 2 382 338
37 3 359 321
38 1 311 359
38 2 382 328
38 3 364 320
39 1 315 358
39 2 386 323
39 3 367 320
40 1 317 358
40 2 388 331
40 3 368 320
41 1 321 357
41 2 393 325
41 3 372 320
42 1 323 357
42 2 395 332
42 3 374 322
43 1 324 356
43 2 396 343
43 3 375 321
44 1 325 356
44 2 401 348
44 3 379 320
45 1 326 356
45 2 403 349
45 3 381 318
46 1 329 356
46 2 404 350
46 3 386 318
47 1 331 356
47 2 408 349
47 3 388 319
48 1 332 355
48 2 410 349
48 3 389 318
49 1 336 355
49 2 410 349
49 3 394 320
50 1 338 354
50 2 411 352
50 3 400 323
51 1 339 353
51 2 415 352
51 3 402 323
52 1 343 352
52 2 416 353
52 3 403 324
53 1 346 351
53 2 417 352
53 3 408 325
54 1 350 351
54 2 422 359
54 3 410 325
55 1 353 352
55 2 424 363
55 3 415 333
56 1 357 362
56 2 424 365
56 3 417 335
57 1 359 366
57 2 425 365
57 3 418 336
58 1 361 368
58 2 429 364
58 3 422 336
59 1 365 369
59 2 431 371
59 3 423 337
60 1 367 369
60 2 436 375
60 3 424 337
61 1 368 368
61 2 438 377
61 3 429 338
62 1 372 368
62 2 438 369
63 1 374 369
63 2 443 366
64 1 379 368
64 2 449 365
65 1 381 360
65 2 452 365
66 1 382 358
66 2 453 366
67 1 386 365
67 2 453 367
68 1 388 358
68 2 458 365
68 3 444 330
69 1 389 355
69 2 460 372
70 1 393 363
70 2 464 375
71 1 395 365
71 2 466 369
72 1 400 369
72 2 471 374
73 1 402 371
73 2 473 377
74 1 404 381
74 2 474 379
75 1 408 376
75 2 479 379
76 1 410 374
76 2 481 379
77 1 411 372
77 2 482 378
78 1 415 372
78 2 486 377
79 1 416 363
79 2 488 376
80 1 417 359
80 2 493 375
80 3 474 333
81 1 422 357
81 2 495 365
82 1 423 356
82 2 495 371
83 1 424 355
83 2 496 374
84 1 428 364
84 2 500 374
85 1 430 368
85 2 502 376
85 3 488 341
86 1 431 368
86 2 502 376
86 3 492 342
87 1 436 368
87 2 503 374
87 3 494 342
88 1 438 368
88 2 507 374
89 1 439 369
89 2 509 375
89 3 501 346
90 1 443 378
90 2 509 375
90 3 506 348
91 1 445 380
91 2 510 374
91 3 509 350
92 1 449 380
92 3 510 350
93 1 452 380
93 3 515 349
93 2 515 372
94 1 453 379
94 3 516 341
94 2 516 371
95 1 457 380
95 3 521 347
95 2 517 370
96 1 459 380
96 3 524 349
96 2 521 372
97 1 460 379
97 3 528 350
97 2 523 366
98 1 464 388
98 3 530 351
98 2 523 371
99 1 466 390
99 3 531 350
99 2 524 374
100 1 467 384
100 3 536 350
100 2 528 393
101 1 467 380
101 3 538 349
101 2 530 400
102 1 467 379
102 3 538 358
102 2 530 401
103 1 471 378
103 3 543 370
103 2 531 401
104 1 473 378
104 3 545 366
104 2 535 403
105 1 474 378
105 3 546 364
105 2 537 403
106 1 478 377
106 3 550 362
106 2 538 402
107 1 480 377
107 3 552 360
107 2 538 401
108 1 481 375
108 3 553 359
108 2 543 401
109 1 482 375
109 3 557 359
109 2 544 401
110 1 486 376
110 3 559 360
110 2 545 400
111 1 488 375
111 3 560 360
111 2 545 399
112 1 493 375
112 3 560 361
112 2 545 399
113 1 495 375
113 3 564 360
113 2 549 400
114 1 496 368
114 3 565 361
114 2 551 399
115 1 500 366
115 3 566 361
115 2 552 400
116 1 502 366
116 3 567 361
116 2 552 400
117 1 507 366
117 3 571 360
117 2 556 402
118 1 508 366
118 3 573 360
118 2 558 402
119 1 509 366
119 3 574 361
119 2 559 401
120 1 510 365
120 3 574 361
120 2 559 400
121 1 514 365
121 3 574 361
121 2 564 392
122 1 516 365
122 3 578 360
122 2 566 389
123 1 517 365
123 3 580 359
123 2 567 389
124 1 521 366
124 3 580 359
124 2 567 387
125 1 523 366
125 3 581 358
125 2 571 387
126 1 523 366
126 3 581 349
126 2 573 387
127 1 524 366
127 3 585 355
127 2 573 387
128 1 528 374
128 3 587 358
128 2 573 387
129 1 530 377
129 3 587 359
129 2 578 388
130 1 535 379
130 3 588 359
130 2 579 396
131 1 537 379
131 3 592 359
131 2 580 391
132 1 538 378
132 3 594 358
132 2 580 389
133 1 538 378
133 3 594 357
133 2 581 395
134 1 538 378
134 3 595 356
134 2 581 397
135 1 542 379
135 3 599 356
135 2 581 397
136 1 544 379
136 3 601 356
136 2 585 399
137 1 544 380
137 3 602 356
137 2 586 399
138 1 545 379
138 3 606 354
138 2 587 399
139 1 545 378
139 3 608 354
139 2 587 399
140 1 549 379
140 3 613 354
140 2 588 400
141 1 551 380
141 3 620 376
141 2 588 401
142 1 552 380
142 3 622 384
142 2 588 401
142 4 1900 1076
143 1 556 381
143 3 624 368
143 2 592 401
143 4 1895 1075
144 1 558 379
144 3 628 362
144 2 593 400
144 4 1882 1075
145 1 559 377
145 3 630 360
145 2 594 400
145 4 1868 1060
146 1 559 370
146 3 631 359
146 2 594 401
146 4 1853 1066
147 1 559 372
147 3 635 369
147 2 594 400
147 4 1839 1071
148 1 564 374
148 3 637 380
148 2 595 400
148 4 1825 1074
149 1 566 373
149 3 638 376
149 2 595 400
149 4 1815 1074
150 1 567 373
150 3 638 366
150 2 599 400
150 4 1802 1067
151 1 571 376
151 3 642 361
151 2 601 399
151 4 1798 1061
152 1 577 379
152 3 644 352
152 2 602 400
152 4 1783 1055
153 1 580 387
153 3 645 348
153 2 602 401
153 4 1768 1053
154 1 585 391
154 3 649 354
154 2 606 400
154 4 1753 1043
155 1 587 385
155 3 651 358
155 2 608 400
155 4 1739 1042
156 1 588 384
156 3 652 361
156 2 608 400
156 4 1724 1027
157 1 588 380
157 3 656 361
157 2 609 399
157 4 1710 1021
158 1 592 380
158 3 658 361
158 2 613 398
158 4 1696 1013
159 1 594 380
159 3 659 360
159 2 615 397
159 4 1681 1005
160 1 594 370
160 3 663 360
160 2 616 397
160 4 1667 990
161 1 595 374
161 3 665 360
161 2 616 398
161 4 1658 984
162 1 599 377
162 3 666 366
162 2 620 397
162 4 1650 984
163 1 601 378
163 3 670 367
163 2 622 395
163 4 1643 984
164 1 602 377
164 3 672 367
164 2 627 396
164 4 1631 983
165 1 602 376
165 3 673 367
165 2 629 395
165 4 1618 984
166 1 607 376
166 3 673 368
166 2 630 396
166 4 1608 981
167 1 608 375
167 3 674 369
167 2 630 396
167 4 1600 980
168 1 609 373
168 3 674 369
168 2 635 396
168 4 1593 979
169 1 609 372
169 3 677 369
169 2 637 395
169 4 1577 981
170 1 609 371
170 3 679 369
170 2 638 395
170 4 1566 980
171 1 613 373
171 3 680 368
171 2 642 394
171 4 1553 975
172 1 615 375
172 3 681 368
172 2 644 393
172 4 1544 968
173 1 616 375
173 3 685 368
173 2 645 393
173 4 1537 964
174 1 616 375
174 3 686 367
174 2 649 392
174 4 1525 958
175 1 616 376
175 3 687 368
175 2 651 391
175 4 1516 949
176 1 616 375
176 3 691 367
176 2 656 383
176 4 1504 935
177 1 620 376
177 3 693 367
177 2 658 380
177 4 1490 913
178 1 622 376
178 3 694 367
178 2 659 376
178 4 1476 907
179 1 623 377
179 3 694 367
179 2 659 375
179 4 1466 910
180 1 623 377
180 3 695 367
180 2 659 375
180 4 1454 910
181 1 623 377
181 3 698 366
181 2 659 381
181 4 1445 910
182 1 623 377
182 3 701 367
182 2 663 384
182 4 1433 907
183 1 627 383
183 3 702 366
183 2 665 398
183 4 1419 906
184 1 629 385
184 3 706 365
184 2 666 410
184 4 1409 904
185 1 630 386
185 3 708 366
185 2 670 415
185 4 1402 905
186 1 634 388
186 3 712 366
186 2 672 416
186 4 1394 905
187 1 636 389
187 3 715 367
187 2 673 416
187 4 1387 899
188 1 637 389
188 3 716 366
188 2 673 416
188 4 1381 895
189 1 638 388
189 3 716 366
189 2 677 417
189 4 1373 889
190 1 638 387
190 3 720 366
190 2 679 417
190 4 1367 888
191 1 642 387
191 3 722 366
191 2 680 417
191 4 1360 887
192 1 644 386
192 3 723 367
192 2 680 417
192 4 1353 881
193 1 645 385
193 3 723 367
193 2 680 417
193 4 1346 870
194 1 649 383
194 3 727 367
194 2 680 416
194 4 1334 852
195 1 651 383
195 3 729 370
195 2 680 416
195 4 1326 845
196 1 651 377
196 3 730 373
196 2 680 416
196 4 1318 838
197 1 652 374
197 3 734 373
197 2 680 416
197 4 1310 836
198 1 656 374
198 3 736 373
198 2 684 417
198 4 1303 836
199 1 658 374
199 3 737 373
199 2 686 417
199 4 1296 836
200 1 659 374
200 3 741 372
200 2 686 416
200 4 1290 837
201 1 659 374
201 3 743 368
201 2 686 415
201 4 1282 833
202 1 663 375
202 3 744 367
202 2 686 416
202 4 1275 831
203 1 664 375
203 3 745 366
203 2 686 417
203 4 1273 829
204 1 666 374
204 3 749 366
204 2 687 417
204 4 1263 829
205 1 666 382
205 3 750 367
205 2 691 417
205 4 1255 828
206 1 666 385
206 3 751 367
206 2 693 418
206 4 1247 825
207 1 670 394
207 3 751 371
207 2 693 418
207 4 1240 821
208 1 672 398
208 3 751 372
208 2 694 420
208 4 1233 812
209 1 672 398
209 3 752 372
209 2 698 422
209 4 1225 809
210 1 673 398
210 3 755 372
210 2 700 423
210 4 1218 800
211 1 673 398
211 3 757 372
211 2 701 424
211 4 1207 796
212 1 677 399
212 3 758 373
212 2 702 424
212 4 1203 788
213 1 679 399
213 3 759 374
213 2 705 423
213 4 1197 784
214 1 679 389
214 3 762 375
214 2 707 422
214 4 1190 783
215 1 680 386
215 3 764 377
215 2 708 421
215 4 1178 783
216 1 680 393
216 3 765 378
216 2 709 422
216 4 1170 782
217 1 680 394
217 3 766 378
217 2 713 422
217 4 1162 782
218 1 684 396
218 3 769 378
218 2 714 421
218 4 1154 780
219 1 686 396
219 3 771 381
219 2 715 421
219 4 1147 779
220 1 687 395
220 3 773 383
220 2 716 422
220 4 1140 779
221 1 687 396
221 3 776 383
221 2 720 422
221 4 1133 780
222 1 691 396
222 3 778 384
222 2 722 421
222 4 1126 781
223 1 693 395
223 3 779 384
223 2 723 421
223 4 1119 781
224 1 693 395
224 3 780 384
224 2 723 421
224 4 1112 782
225 1 694 394
225 3 780 384
225 2 727 421
225 4 1100 783
226 1 694 392
226 3 780 384
226 2 729 421
226 4 1091 785
227 1 694 392
227 3 784 384
227 2 730 422
227 4 1079 784
228 1 694 392
228 3 785 384
228 2 730 423
228 4 1070 784
229 1 694 392
229 3 786 385
229 2 730 424
229 4 1062 784
230 1 695 392
230 3 787 385
230 2 734 426
230 4 1050 786
231 1 698 393
231 3 787 385
231 2 736 431
231 4 1041 784
232 1 700 393
232 3 787 386
232 2 737 433
232 4 1033 784
233 1 701 393
233 3 791 386
233 2 741 434
233 4 1026 787
234 1 702 392
234 3 792 386
234 2 743 434
234 4 1019 788
235 1 706 391
235 3 793 385
235 2 744 434
235 4 1012 789
236 1 707 392
236 3 794 385
236 2 745 434
236 4 1005 790
237 1 708 393
237 3 794 384
237 2 748 434
237 4 998 794
238 1 713 395
238 3 798 384
238 2 750 434
238 4 991 796
239 1 715 395
239 3 800 383
239 2 751 434
239 4 979 798
240 1 716 395
240 3 801 384
240 2 751 435
240 4 970 799
241 1 720 396
241 3 801 384
241 2 751 435
241 4 963 800
242 1 722 396
242 3 805 384
242 2 751 434
242 4 955 807
243 1 723 395
243 3 807 384
243 2 751 434
243 4 948 809
244 1 727 394
244 3 808 384
244 2 751 434
244 4 941 808
245 1 729 394
245 3 808 383
245 2 755 435
245 4 934 808
246 1 730 394
246 3 808 382
246 2 756 435
246 4 923 807
247 1 734 393
247 3 808 382
247 2 757 435
247 4 914 809
248 1 736 393
248 3 808 382
248 2 758 435
248 4 910 816
249 1 737 393
249 3 808 382
249 2 758 435
249 4 900 829
250 1 737 399
250 3 812 385
250 2 758 434
250 4 892 844
251 1 741 402
251 3 814 386
251 2 758 434
251 4 885 855
252 1 743 404
252 3 814 388
252 2 762 434
252 4 877 865
253 1 743 403
253 3 815 390
253 2 764 434
253 4 870 876
254 1 744 398
254 3 815 390
254 2 765 433
254 4 863 878
255 1 744 395
255 3 815 392
255 2 765 432
255 4 856 882
256 1 745 393
256 3 819 391
256 2 765 433
256 4 844 885
257 1 749 393
257 3 821 391
257 2 765 433
257 4 840 890
258 1 750 393
258 3 822 391
258 2 769 431
258 4 830 892
259 1 751 393
259 3 822 393
259 2 771 432
259 4 821 894
260 1 751 393
260 3 826 392
260 2 771 431
260 4 814 893
261 1 752 392
261 3 828 392
261 2 772 431
261 4 806 893
262 1 755 392
262 3 828 392
262 2 776 432
262 4 798 892
263 1 757 392
263 3 829 393
263 2 779 433
263 4 791 893
264 1 758 398
264 3 830 393
264 2 783 433
264 4 780 897
265 1 758 400
265 3 833 394
265 2 785 433
265 4 772 896
266 1 758 400
266 3 835 394
266 2 786 433
266 4 764 894
267 1 758 401
267 3 836 394
267 2 787 433
267 4 761 899
268 1 758 402
268 3 837 394
268 2 787 434
268 4 751 908
269 1 762 402
269 3 840 394
269 2 791 437
269 4 738 914
270 1 764 403
270 3 842 392
270 2 793 439
270 4 729 922
271 1 764 409
271 3 843 392
271 2 794 439
271 4 721 927
272 1 764 411
272 3 844 394
272 2 798 440
272 4 714 930
273 1 765 411
273 3 847 399
273 2 800 440
273 4 707 936
274 1 765 411
274 3 849 403
274 2 801 440
274 4 695 939
275 1 765 407
275 3 850 404
275 2 805 440
275 4 691 945
276 1 769 406
276 3 850 405
276 2 807 440
276 4 685 948
277 1 771 406
277 3 851 406
277 2 808 439
277 4 678 950
278 1 771 409
278 3 851 405
278 2 808 439
278 4 671 951
279 1 772 410
279 3 851 404
279 2 812 439
279 4 659 952
280 1 772 410
280 3 855 395
280 2 814 440
280 4 651 955
281 1 777 411
281 3 856 400
281 2 819 439
281 4 643 964
282 1 779 411
282 3 857 395
282 2 821 439
282 4 636 960
283 1 780 411
283 3 858 393
283 2 822 440
283 4 624 962
284 1 784 411
284 3 862 392
284 2 822 441
284 4 615 975
285 1 786 411
285 3 863 390
285 2 827 442
285 4 602 989
286 1 787 412
286 3 864 390
286 2 829 443
286 4 589 1002
287 1 791 412
287 3 865 390
287 2 829 449
287 4 574 1021
288 1 793 412
288 3 865 390
288 2 830 450
288 4 560 1029
289 1 794 411
289 3 865 398
289 2 830 450
289 4 550 1036
290 1 798 410
290 3 869 392
290 2 834 451
290 4 538 1039
291 1 800 411
291 3 871 399
291 2 835 452
291 4 529 1046
292 1 801 412
292 3 872 400
292 2 836 453
292 4 521 1054
293 1 806 411
293 3 877 399
293 2 837 453
293 4 514 1053
294 1 808 410
294 3 879 400
294 2 837 453
294 4 502 1052
295 1 808 410
295 3 883 400
295 2 841 454
295 4 489 1050
296 1 813 410
296 3 886 400
296 2 843 454
296 4 479 1054
297 1 814 410
297 3 890 401
297 2 843 457
297 4 467 1055
298 1 815 410
298 3 892 401
298 2 844 458
298 4 462 1057
299 1 816 408
299 3 893 402
299 2 844 455
299 4 452 1059
300 1 820 409
300 3 894 401
300 2 844 457
300 4 439 1062
301 1 821 410
301 3 898 401
301 2 844 457
301 4 425 1068
302 1 822 410
302 3 899 401
302 2 847 457
302 4 415 1071
303 1 822 410
303 3 901 401
303 2 849 457
303 4 408 1077
304 1 822 410
304 3 905 402
304 2 850 457
304 4 396 1075
305 1 823 410
305 3 907 402
305 2 850 457
305 4 382 1083
306 1 823 410
306 3 907 403
306 2 850 457
306 4 368 1101
307 1 827 409
307 3 908 403
307 2 850 456
307 4 358 1102
308 1 829 409
308 3 912 403
308 2 850 456
308 4 351 1110
309 1 829 409
309 3 914 403
309 2 850 457
309 4 339 1111
310 1 829 402
310 3 915 403
310 2 850 457
310 4 325 1122
311 1 829 398
311 3 915 404
311 2 850 457
311 4 311 1123
312 1 834 404
312 3 915 403
312 2 854 457
312 4 297 1122
313 1 836 407
313 3 919 403
313 2 856 457
313 4 283 1140
314 1 840 416
314 3 920 403
314 2 856 457
314 4 269 1142
315 1 842 420
315 3 921 403
315 2 857 457
315 4 245 1133
316 1 843 421
316 3 921 402
316 2 857 457
316 4 236 1149
317 1 843 420
317 3 921 402
317 2 862 458
317 4 220 1152
318 1 844 421
318 3 922 406
318 2 864 459
318 4 204 1147
319 1 848 421
319 3 926 408
319 2 864 459
319 4 189 1152
320 1 850 420
320 3 927 409
320 2 869 459
320 4 179 1161
321 1 851 420
321 3 928 412
321 2 871 459
321 4 167 1172
322 1 855 420
322 3 929 411
322 2 876 458
322 4 154 1191
323 1 857 421
323 3 933 411
323 2 879 457
323 4 144 1198
324 1 858 421
324 3 935 410
324 2 883 456
324 4 132 1201
325 1 862 421
325 3 940 411
325 2 885 456
325 4 123 1201
326 1 864 421
326 3 942 410
326 2 886 456
326 4 115 1212
327 1 869 426
327 3 942 410
327 2 886 456
327 4 103 1211
328 1 871 429
328 3 943 411
328 2 887 457
329 1 872 425
329 3 943 411
329 2 891 460
330 1 877 422
330 3 943 412
330 2 892 457
331 1 878 420
331 3 943 413
331 2 893 460
332 1 879 419
332 3 947 413
332 2 898 461
333 1 880 411
333 3 949 413
333 2 899 461
334 1 884 416
334 3 950 413
334 2 901 462
335 1 886 418
335 3 954 412
335 2 905 462
336 1 891 420
336 3 956 412
336 2 906 465
337 1 893 411
337 3 957 413
337 2 907 467
338 1 894 407
338 3 961 414
338 2 908 474
339 1 894 404
339 3 963 414
339 2 912 478
340 1 898 404
340 3 964 418
340 2 913 479
341 1 900 404
341 3 964 420
341 2 914 478
342 1 900 403
342 3 965 420
342 2 915 478
343 1 905 412
343 3 969 420
343 2 919 478
344 1 907 415
344 3 970 420
344 2 921 478
345 1 908 414
345 3 971 413
345 2 922 480
346 1 912 416
346 3 972 411
346 2 922 480
347 1 913 417
347 3 976 410
347 2 926 479
348 1 914 416
348 3 978 410
348 2 928 482
349 1 915 415
349 3 983 409
349 2 928 482
350 1 915 414
350 3 985 410
350 2 929 480
351 1 920 433
351 3 990 411
351 2 929 481
352 1 921 430
352 3 996 411
352 2 933 483
353 1 926 430
353 3 999 411
353 2 935 483
354 1 928 430
354 3 1000 412
354 2 936 484
355 1 929 429
355 3 1004 412
355 2 936 485
356 1 929 429
356 3 1006 411
356 2 936 485
357 1 929 429
357 3 1007 411
357 2 940 484
358 1 929 428
358 3 1008 410
358 2 942 481
359 1 933 428
359 3 1011 409
359 2 942 481
360 1 934 420
360 3 1013 410
360 2 947 479
361 1 935 417
361 3 1014 410
361 2 950 479
362 1 935 424
362 3 1015 411
362 2 955 481
363 1 936 418
363 3 1015 411
363 2 957 482
364 1 936 415
364 3 1019 410
364 2 962 481
365 1 936 406
365 3 1020 412
365 2 964 481
366 1 940 411
366 3 1021 413
366 2 965 481
367 1 942 413
367 3 1022 414
367 2 969 481
368 1 943 422
368 3 1026 414
368 2 971 481
369 1 943 420
369 3 1027 415
369 2 972 482
370 1 947 426
370 3 1028 415
370 2 976 482
371 1 949 429
371 3 1029 416
371 2 978 482
372 1 950 431
372 3 1029 417
372 2 979 482
373 1 950 431
373 3 1032 416
373 2 983 483
374 1 951 431
374 3 1034 416
374 2 985 482
375 1 954 431
375 3 1035 415
375 2 986 481
376 1 956 431
376 3 1039 413
376 2 990 482
377 1 957 431
377 3 1041 412
377 2 993 483
378 1 958 436
378 3 1042 413
378 2 997 483
379 1 962 438
379 3 1043 413
379 2 999 483
380 1 964 438
380 3 1043 413
380 2 1000 484
381 1 965 439
381 3 1046 414
381 2 1005 487
382 1 969 436
382 3 1048 414
382 2 1011 489
383 1 971 434
383 3 1049 414
383 2 1013 489
384 1 976 432
384 3 1049 414
384 2 1014 494
385 1 978 432
385 3 1050 415
385 2 1019 497
386 1 979 431
386 3 1054 419
386 2 1021 499
387 1 983 431
387 3 1055 421
387 2 1022 500
388 1 985 436
388 3 1056 422
388 2 1026 500
389 1 986 433
389 3 1057 422
389 2 1028 500
390 1 990 438
390 3 1057 422
390 2 1029 500
391 1 992 441
391 3 1061 421
391 2 1029 501
392 1 993 443
392 3 1062 420
392 2 1033 501
393 1 997 444
393 3 1063 421
393 2 1035 501
394 1 999 442
394 3 1064 416
394 2 1036 501
395 1 1000 439
395 3 1068 412
395 2 1040 502
396 1 1004 438
396 3 1070 410
396 2 1041 502
397 1 1006 438
397 3 1071 410
397 2 1042 502
398 1 1006 437
398 3 1071 411
398 2 1042 501
399 1 1007 437
399 3 1075 410
399 2 1043 501
400 1 1007 437
400 3 1077 411
400 2 1047 500
401 1 1007 438
401 3 1078 416
401 2 1048 500
402 1 1011 439
402 3 1082 418
402 2 1049 503
403 1 1013 441
403 3 1084 420
403 2 1054 503
404 1 1014 441
404 3 1085 420
404 2 1056 503
405 1 1014 442
405 3 1089 420
405 2 1057 504
406 1 1018 448
406 3 1091 421
406 2 1061 504
407 1 1020 450
407 3 1092 421
407 2 1063 503
408 1 1021 451
408 3 1093 421
408 2 1068 503
409 1 1021 452
409 3 1097 419
409 2 1070 503
410 1 1022 452
410 3 1099 421
410 2 1071 504
411 1 1026 451
411 3 1103 421
411 2 1075 504
412 1 1027 451
412 3 1105 422
412 2 1077 504
413 1 1028 450
413 3 1106 428
413 2 1082 504
414 1 1028 451
414 3 1107 424
414 2 1085 504
415 1 1033 451
415 3 1110 422
415 2 1090 504
416 1 1034 451
416 3 1112 428
416 2 1092 505
417 1 1035 451
417 3 1113 431
417 2 1093 505
418 1 1036 451
418 3 1114 433
418 2 1097 506
419 1 1040 456
419 3 1118 432
419 2 1099 506
420 1 1042 458
420 3 1119 432
420 2 1100 506
421 1 1042 459
421 3 1120 425
421 2 1104 506
422 1 1043 459
422 3 1121 430
422 2 1106 505
423 1 1047 455
423 3 1121 432
423 2 1111 501
424 1 1048 453
424 3 1124 431
424 2 1113 502
425 1 1049 452
425 3 1126 423
425 2 1114 504
426 1 1050 455
426 3 1127 428
426 2 1118 506
427 1 1054 456
427 3 1127 430
427 2 1120 508
428 1 1056 456
428 3 1127 430
428 2 1121 510
429 1 1057 457
429 3 1128 430
429 2 1125 515
430 1 1057 456
430 3 1128 440
430 2 1127 517
431 1 1061 452
431 3 1128 444
431 2 1128 518
432 1 1063 451
432 3 1132 436
432 2 1132 517
433 1 1064 450
433 3 1133 433
433 2 1134 518
434 1 1064 451
434 3 1133 440
434 2 1134 518
435 1 1068 450
435 3 1134 443
435 2 1134 520
436 1 1070 451
436 3 1134 444
436 2 1134 520
437 1 1071 451
437 3 1134 444
437 2 1134 520
438 1 1071 451
438 3 1135 443
438 2 1135 521
439 1 1075 451
439 3 1135 443
439 2 1139 524
440 1 1077 452
440 3 1139 443
440 2 1141 525
441 1 1078 457
441 3 1140 442
441 2 1141 525
442 1 1082 460
442 3 1137 450
442 2 1142 524
443 1 1084 462
443 3 1135 453
443 2 1146 522
444 1 1085 464
444 3 1139 454
444 2 1147 522
445 1 1090 465
445 3 1141 447
445 2 1148 523
446 1 1091 470
446 3 1141 444
446 2 1149 523
447 1 1092 472
447 3 1142 441
447 2 1149 523
448 1 1093 473
448 3 1146 439
448 2 1149 523
449 1 1093 473
449 3 1148 437
449 2 1153 522
450 1 1097 473
450 3 1152 436
450 2 1155 522
451 1 1098 474
451 3 1154 446
451 2 1156 522
452 1 1099 474
452 3 1155 449
452 2 1160 522
453 1 1100 474
453 3 1156 450
453 2 1162 522
454 1 1100 473
454 3 1160 441
454 2 1163 523
455 1 1104 473
455 3 1162 438
455 2 1167 523
456 1 1105 474
456 3 1167 447
456 2 1169 524
457 1 1106 479
457 3 1169 452
457 2 1170 528
458 1 1107 480
458 3 1170 453
458 2 1171 530
459 1 1107 480
459 3 1175 453
459 2 1175 531
460 1 1111 479
460 3 1177 453
460 2 1176 532
461 1 1112 478
461 3 1181 452
461 2 1177 532
462 1 1113 478
462 3 1184 452
462 2 1177 533
463 1 1114 478
463 3 1185 454
463 2 1177 533
464 1 1118 478
464 3 1185 454
464 2 1181 533
465 1 1119 478
465 3 1189 453
465 2 1183 533
466 1 1120 478
466 3 1191 445
466 2 1184 533
467 1 1120 478
467 3 1191 452
467 2 1188 534
468 1 1121 477
468 3 1192 445
468 2 1190 533
469 1 1121 477
469 3 1192 442
469 2 1191 532
470 1 1121 477
470 3 1192 441
470 2 1192 530
471 1 1125 477
471 3 1192 440
471 2 1196 535
472 1 1127 477
472 3 1192 459
472 2 1198 538
473 1 1127 477
473 3 1192 465
473 2 1199 540
474 1 1128 477
474 3 1196 459
474 2 1203 542
475 1 1132 477
475 3 1198 446
475 2 1205 547
476 1 1138 477
476 3 1203 441
476 2 1206 552
477 1 1141 477
477 3 1205 439
477 2 1206 554
478 1 1146 478
478 3 1205 449
478 2 1210 555
479 1 1149 478
479 3 1206 441
479 2 1216 559
480 1 1153 479
480 3 1210 438
480 2 1219 560
481 1 1156 479
481 3 1212 437
481 2 1220 560
482 1 1161 480
482 2 1220 560
483 1 1163 480
483 2 1224 560
483 3 1213 432
484 1 1168 479
484 2 1226 560
484 3 1213 451
485 1 1170 479
485 2 1227 560
485 3 1218 458
486 1 1175 479
486 2 1227 559
486 3 1223 460
487 1 1177 481
487 2 1231 560
487 3 1226 451
488 1 1182 486
488 2 1233 559
488 3 1227 447
489 1 1185 489
489 2 1233 560
489 3 1232 435
490 1 1190 490
490 2 1234 560
490 3 1233 431
491 1 1192 489
491 2 1234 561
491 3 1234 429
492 1 1196 489
492 2 1234 561
492 3 1239 437
493 1 1198 487
493 2 1238 561
493 3 1240 439
494 1 1199 485
494 2 1240 560
494 3 1241 440
495 1 1199 486
495 2 1241 560
496 1 1204 487
496 2 1241 562
496 3 1247 450
497 1 1206 487
497 2 1245 562
497 3 1248 443
498 1 1206 487
498 2 1247 562
498 3 1248 439
499 1 1207 487
499 2 1248 561
499 3 1253 420
500 1 1211 488
500 2 1248 562
500 3 1250 422
501 1 1217 489
501 2 1248 563
502 1 1220 488
502 2 1253 564
503 1 1220 475
503 2 1255 565
503 3 1260 447
504 1 1225 492
504 2 1255 566
504 3 1262 460
505 1 1232 508
505 2 1256 566
505 3 1267 464
506 1 1238 515
506 2 1260 565
506 3 1269 465
506 5 1240 562
507 1 1241 515
507 2 1262 564
507 3 1270 464
507 5 1240 561
508 1 1242 515
508 2 1262 564
508 3 1274 463
508 5 1245 560
509 2 1263 564
509 3 1276 463
509 5 1248 559
510 2 1263 565
510 3 1281 463
510 1 1247 519
511 2 1267 565
511 3 1284 470
511 1 1249 518
512 2 1269 565
512 3 1289 473
512 1 1253 517
513 2 1269 564
513 3 1291 476
513 1 1255 515
514 2 1274 564
514 3 1296 478
514 1 1256 515
515 2 1276 564
515 3 1298 480
515 1 1261 515
516 2 1276 566
516 3 1298 487
516 1 1263 515
517 2 1277 567
517 3 1299 491
517 1 1268 518
518 2 1281 567
518 3 1303 485
518 1 1270 517
519 2 1283 567
519 1 1275 519
520 2 1284 567
520 1 1277 518
520 3 1311 480
521 2 1288 567
521 1 1282 520
521 3 1312 480
522 2 1290 566
522 1 1288 519
523 2 1295 568
523 1 1295 524
524 2 1297 570
524 1 1298 518
525 2 1302 574
525 1 1299 523
526 2 1304 578
526 3 1313 480
527 2 1305 585
527 3 1317 489
527 1 1310 519
528 2 1310 588
528 3 1319 492
529 2 1312 592
529 3 1324 494
530 2 1317 593
530 3 1330 493
531 2 1319 596
531 3 1337 491
532 2 1324 596
532 3 1340 491
532 6 66 1172
533 2 1326 598
533 3 1341 492
533 6 78 1154
534 2 1327 601
534 3 1341 501
534 6 93 1161
535 2 1332 602
535 3 1341 512
535 6 108 1174
536 2 1333 603
536 3 1341 516
536 6 118 1157
537 2 1334 605
537 3 1346 510
537 6 131 1162
538 2 1338 607
538 3 1357 497
538 6 145 1163
538 5 1333 575
539 2 1340 605
539 3 1361 499
539 6 164 1163
540 2 1341 604
540 3 1362 503
540 6 176 1162
540 5 1345 576
541 2 1345 604
541 3 1367 503
541 6 189 1170
541 5 1348 575
542 2 1347 604
542 6 203 1164
542 5 1353 570
543 2 1352 606
543 6 212 1161
543 5 1355 565
544 2 1355 607
544 6 224 1151
544 5 1356 560
545 2 1360 607
545 6 238 1161
545 5 1361 559
546 2 1362 607
546 6 252 1176
546 5 1367 561
547 2 1367 607
547 6 266 1173
547 5 1369 579
547 3 1376 559
548 2 1369 607
548 6 276 1157
549 2 1374 608
549 6 293 1150
549 3 1387 566
550 2 1376 607
550 6 309 1136
550 3 1394 564
551 2 1381 609
551 6 328 1133
551 3 1402 567
552 2 1388 610
552 6 344 1123
552 3 1413 569
552 8 1388 601
553 2 1395 611
553 6 364 1117
553 3 1413 574
553 8 1395 589
554 2 1397 611
554 6 376 1106
554 3 1418 576
555 2 1398 613
555 6 388 1122
555 3 1424 577
556 2 1403 615
556 6 402 1130
556 3 1421 582
557 2 1409 618
557 6 412 1122
557 8 1431 476
558 2 1412 619
558 6 424 1127
558 3 1420 609
559 2 1417 620
559 6 433 1122
559 8 1441 469
560 2 1419 621
560 6 440 1128
560 8 1442 458
561 2 1424 621
561 6 452 1120
561 3 1426 598
562 2 1426 621
562 6 465 1110
562 3 1431 597
562 8 1459 464
563 2 1431 620
563 6 470 1110
563 3 1437 591
563 8 1462 475
564 2 1433 620
564 6 480 1106
564 8 1468 480
565 2 1438 621
565 6 489 1105
565 8 1470 483
566 2 1445 624
566 6 501 1118
566 8 1475 484
567 2 1448 627
567 6 514 1135
567 8 1482 486
568 2 1453 633
568 6 524 1127
568 8 1484 498
569 2 1455 642
569 6 532 1137
569 8 1489 494
570 2 1460 648
570 6 544 1144
570 8 1496 501
571 2 1462 654
571 6 557 1145
571 3 1487 613
572 2 1463 657
572 6 567 1144
572 3 1490 617
573 2 1467 658
573 6 575 1141
573 3 1491 613
574 2 1473 661
574 6 582 1153
574 3 1491 611
575 2 1476 664
575 6 589 1157
575 3 1496 610
576 2 1477 665
576 6 596 1167
576 8 1519 503
577 2 1481 666
577 6 602 1174
577 8 1524 502
578 2 1483 667
578 6 609 1179
578 8 1530 502
579 2 1483 668
579 6 612 1176
579 8 1533 502
580 2 1488 668
580 6 617 1171
580 8 1539 502
581 2 1490 668
581 6 618 1148
581 8 1541 507
582 2 1495 667
582 6 623 1160
582 8 1546 509
583 2 1497 666
583 6 629 1181
583 8 1552 510
584 2 1502 665
584 6 636 1198
584 8 1554 511
585 2 1504 664
585 6 639 1202
585 8 1556 511
586 2 1509 664
586 6 644 1200
586 8 1560 505
587 2 1511 667
587 6 646 1205
587 8 1566 503
587 3 1567 476
588 2 1516 666
588 6 651 1212
588 8 1569 509
589 2 1518 666
589 6 652 1222
589 8 1574 511
590 2 1519 666
590 6 653 1231
590 8 1576 504
591 2 1524 668
591 6 657 1232
591 8 1581 493
591 9 1580 610
592 2 1530 672
592 6 659 1238
592 9 1586 608
593 2 1537 677
593 6 664 1247
593 9 1589 609
594 2 1544 679
594 6 666 1250
594 9 1595 609
594 8 1589 522
595 2 1547 682
595 6 671 1250
595 9 1601 608
595 8 1595 527
596 2 1552 685
596 6 673 1249
596 9 1604 606
596 8 1597 530
597 2 1554 686
597 6 674 1246
597 8 1602 531
598 2 1559 688
598 6 674 1252
598 8 1604 521
599 2 1561 687
599 6 673 1270
599 8 1609 509
600 2 1562 687
600 6 673 1264
600 8 1611 506
600 9 1624 626
601 2 1566 687
601 6 668 1285
601 8 1612 504
601 9 1625 638
602 2 1568 688
602 8 1612 503
602 9 1631 642
603 2 1573 688
603 8 1621 506
603 9 1637 647
603 6 655 1276
604 2 1575 688
604 8 1620 496
604 9 1640 653
605 2 1580 688
605 8 1629 503
606 2 1587 689
606 8 1627 496
606 9 1652 653
607 2 1594 692
607 8 1627 494
607 9 1659 655
608 2 1596 695
608 8 1631 503
608 9 1661 658
609 2 1602 695
609 8 1632 506
609 9 1666 654
610 2 1608 695
610 8 1633 500
610 9 1673 656
611 2 1611 697
611 8 1633 488
611 9 1680 656
612 2 1616 706
612 8 1637 485
612 9 1687 655
613 2 1618 715
613 8 1639 493
613 9 1690 657
614 2 1623 721
614 8 1639 496
614 9 1699 656
615 2 1625 729
615 8 1640 497
615 9 1708 659
616 2 1630 736
616 8 1640 490
616 9 1716 653
617 2 1637 740
617 8 1640 487
617 9 1723 649
618 2 1639 744
618 8 1640 486
618 9 1725 647
619 2 1644 745
619 8 1639 490
619 9 1731 653
620 2 1646 751
620 8 1639 492
620 9 1738 658
621 2 1651 753
621 8 1639 494
621 9 1745 667
622 2 1653 753
622 8 1643 494
622 9 1752 668
623 2 1658 752
623 8 1645 494
623 9 1758 670
624 2 1660 752
624 8 1646 493
624 9 1761 670
625 2 1666 755
625 8 1646 494
625 9 1767 669
626 2 1672 756
626 8 1646 494
626 9 1773 672
627 2 1675 756
627 8 1647 495
627 9 1780 680
628 2 1680 755
628 8 1651 495
628 9 1782 682
629 2 1687 755
629 8 1653 495
629 9 1788 684
630 2 1694 753
630 8 1653 495
630 9 1794 691
631 2 1701 751
631 8 1654 495
631 9 1796 694
632 2 1703 749
632 8 1654 494
632 9 1802 713
633 2 1709 754
633 8 1658 494
633 9 1808 720
634 2 1711 756
634 8 1659 494
634 9 1815 729
635 2 1716 757
635 8 1660 494
635 9 1822 731
636 2 1722 761
636 8 1660 494
636 9 1829 738
637 2 1729 763
637 8 1660 494
637 9 1832 742
638 2 1736 771
638 8 1660 494
638 9 1837 748
639 2 1744 780
639 8 1660 494
639 9 1844 749
640 2 1751 784
640 8 1659 494
640 9 1846 749
641 2 1753 789
641 8 1659 495
641 9 1847 749
642 2 1759 793
642 8 1660 496
642 9 1852 754
643 2 1765 793
643 8 1660 496
643 9 1848 778
644 2 1772 793
644 8 1660 497
644 9 1847 786
645 2 1779 794
645 8 1660 497
646 2 1786 793
646 8 1660 496
647 2 1793 793
647 8 1660 497
648 2 1801 792
648 8 1661 497
649 2 1812 791
649 8 1661 499
650 2 1821 790
650 8 1664 490
651 2 1825 795
651 8 1666 486
652 2 1830 805
652 8 1667 483
653 2 1832 812
653 8 1667 482
654 2 1837 830
654 8 1668 478
655 2 1843 844
655 8 1671 476
656 2 1850 855
656 8 1673 474
657 2 1858 864
657 8 1673 474
658 2 1865 869
658 8 1674 473
659 2 1867 873
659 8 1675 473
660 2 1868 874
660 8 1675 473
661 2 1873 876
661 8 1674 473
662 2 1874 875
662 8 1679 475
663 2 1879 875
663 8 1680 475
664 2 1881 876
664 8 1681 474
665 2 1886 876
665 8 1681 474
666 2 1892 875
666 8 1682 474
667 2 1895 878
667 8 1682 474
668 8 1686 474
669 8 1688 474
670 8 1689 475
670 2 1884 873
671 8 1693 476
672 8 1695 475
673 8 1700 475
674 8 1707 477
674 11 1886 868
675 8 1714 477
675 11 1887 866
676 8 1717 478
676 11 1887 865
677 8 1722 471
677 11 1892 869
678 8 1729 470
679 8 1731 469
680 8 1737 471
681 8 1743 472
682 8 1750 476
683 8 1753 478
684 8 1758 479
685 8 1761 479
686 8 1766 480
687 8 1768 480
688 8 1768 480
689 8 1773 488
690 8 1775 483
691 8 1780 480
692 8 1782 479
693 8 1787 479
694 8 1793 475
695 8 1796 473
696 8 1801 473
697 8 1807 464
698 8 1810 471
699 8 1815 475
700 8 1817 476
701 8 1818 478
702 8 1822 477
703 8 1825 467
704 8 1829 471
705 8 1832 463
705 12 -47 758
706 8 1836 459
706 12 -50 758
707 8 1838 457
707 12 -53 758
708 8 1839 457
708 12 -52 755
708 14 12 755
709 8 1844 457
709 12 -50 756
709 14 16 756
710 8 1845 458
710 12 -45 754
710 14 13 755
711 8 1850 461
711 14 17 754
712 8 1852 463
712 14 18 753
713 8 1857 454
713 14 19 756
714 8 1859 450
714 14 19 758
715 8 1864 444
715 14 23 759
716 8 1866 440
716 14 24 757
717 8 1871 438
717 14 21 768
718 8 1873 436
718 14 23 779
719 8 1874 437
719 14 24 790
720 8 1879 437
720 14 25 795
721 8 1881 436
721 14 25 797
722 8 1882 436
722 14 25 804
723 8 1886 436
723 14 25 806
724 8 1888 436
724 14 29 805
725 8 1888 435
725 14 31 805
726 8 1888 435
726 14 36 810
727 8 1889 431
727 14 38 813
728 8 1889 430
728 14 39 813
729 8 1892 430
729 14 44 812
730 8 1894 428
730 14 46 811
731 14 47 811
732 14 52 809
733 14 54 808
734 14 59 805
735 14 61 805
736 14 66 804
737 14 68 804
738 14 69 808
739 14 69 817
740 14 69 824
741 14 69 838
742 14 69 847
743 14 73 854
744 14 70 862
745 14 74 866
746 14 75 868
747 14 75 868
748 14 75 867
749 14 75 871
750 14 75 872
751 14 75 869
752 14 76 871
753 14 75 872
753 15 25 334
754 14 76 872
754 15 26 332
755 14 76 872
755 15 31 332
756 14 75 871
756 15 37 333
757 14 75 878
757 15 40 334
758 14 75 888
758 15 45 335
759 14 75 900
759 15 48 335
760 14 75 912
760 15 53 335
761 14 75 924
761 15 59 334
762 14 75 933
762 15 66 334
763 14 75 936
763 15 69 334
764 14 75 936
764 15 75 330
765 14 75 942
765 15 81 328
766 14 74 952
766 15 84 327
766 16 82 881
767 14 74 957
767 15 89 326
767 16 82 878
768 14 74 965
768 15 91 324
768 16 82 876
769 14 70 967
769 15 97 324
769 16 82 878
770 14 72 966
770 15 103 322
770 16 82 878
771 14 69 965
771 15 109 320
771 16 82 880
772 14 72 967
772 15 112 319
773 14 74 966
773 15 118 319
774 14 74 964
774 15 124 318
775 14 75 962
775 15 131 318
776 14 75 964
776 15 138 319
777 14 75 964
777 15 141 319
778 14 75 966
778 15 146 318
779 14 79 972
779 15 152 316
780 14 81 984
780 15 155 314
781 14 82 996
781 15 160 314
782 14 82 1009
782 15 162 310
783 14 82 1019
783 15 167 309
784 14 82 1029
784 15 169 308
785 14 87 1032
785 15 174 308
786 14 89 1043
786 15 176 309
787 14 89 1045
787 15 181 309
788 14 90 1045
788 15 182 310
789 14 89 1044
789 15 184 309
790 14 89 1043
790 15 188 309
791 14 89 1042
791 15 190 308
792 14 90 1046
792 15 191 305
793 14 89 1046
793 15 195 307
794 14 89 1043
794 15 196 304
795 14 89 1042
795 15 197 301
796 14 89 1045
796 15 198 300
797 14 89 1047
797 15 202 298
798 14 84 1054
798 15 203 294
799 14 83 1068
799 15 204 291
800 14 82 1071
800 15 204 292
801 14 81 1078
801 15 205 292
802 14 81 1076
802 15 209 293
803 14 81 1088
803 15 210 293
804 14 77 1095
804 15 211 293
805 14 75 1095
805 15 212 292
806 14 74 1103
806 15 215 292
807 14 74 1105
807 15 216 291
808 14 74 1103
808 15 217 291
809 14 74 1098
809 15 217 291
810 14 74 1095
810 15 217 286
811 14 74 1081
811 15 218 282
812 14 69 1085
812 15 218 280
813 14 68 1088
813 15 218 279
814 14 67 1094
814 15 218 279
815 14 62 1102
815 15 218 280
816 14 61 1102
816 15 218 277
817 15 218 280
818 15 218 281
819 15 217 277
819 14 54 1079
820 15 217 275
820 14 53 1093
821 15 216 274
822 15 216 274
823 15 213 273
824 15 212 272
825 15 211 272
826 15 210 271
827 15 210 272
828 15 209 271
829 15 209 272
830 15 208 272
831 15 208 272
832 15 206 272
833 15 205 272
834 15 204 272
835 15 204 272
836 15 203 272
837 15 203 271
838 15 203 267
839 15 203 265
840 15 202 263
841 15 202 262
842 15 202 262
843 15 199 262
844 15 197 262
845 15 197 263
846 15 196 262
847 15 196 262
848 15 195 262
849 15 194 261
850 15 192 260
851 15 190 260
852 15 189 260
853 15 188 260
854 15 184 260
855 15 181 255
856 15 177 255
857 15 175 255
858 15 174 255
859 15 174 255
860 15 173 254
861 15 170 255
862 15 168 255
863 15 167 255
864 15 166 254
865 15 165 253
866 15 162 253
867 15 161 252
868 15 160 251
869 15 159 251
870 15 158 249
871 15 155 249
872 15 154 250
873 15 153 250
874 15 152 251
875 15 151 250
876 15 148 251
877 15 147 251
878 15 146 250
879 15 145 250
880 15 145 250
881 15 144 248
882 15 141 249
883 15 140 248
884 15 139 248
885 15 139 248
886 15 139 248
887 15 139 247
888 15 139 247
889 15 139 247
890 15 139 247
891 15 139 246
892 15 139 246
893 15 139 246
894 15 139 246
895 15 139 246
896 15 139 244
897 15 139 244
898 15 139 244
899 15 139 243
900 15 139 244
901 15 139 244
902 15 140 244
903 15 140 244
904 15 140 244
905 15 143 243
906 15 145 242
907 15 145 242
908 15 146 243
909 15 146 244
910 15 146 245
911 15 146 245
912 15 146 244
913 15 147 244
914 15 146 244
915 15 147 244
916 15 147 244
917 15 147 244
918 15 147 244
919 15 147 244
920 15 151 243
921 15 152 243
922 15 153 244
923 15 153 244
924 15 153 244
925 15 153 244
926 15 154 243
927 15 154 243
928 15 154 243
929 15 154 243
930 15 154 243
931 15 154 242
932 15 154 243
933 15 154 243
934 15 154 243
935 15 155 243
936 15 155 244
937 15 155 243
938 15 155 244
939 15 157 243
940 15 158 243
941 15 156 244
942 15 155 244
943 15 155 244
944 15 155 245
945 15 155 244
946 15 154 243
947 15 154 243
948 15 154 243
949 15 153 245
950 15 153 245
951 15 152 245
952 15 149 246
953 15 147 247
954 15 147 248
955 15 146 249
956 15 146 249
957 15 145 249
958 15 145 249
959 15 141 250
960 15 140 250
961 15 138 251
962 15 135 252
963 15 132 252
964 15 131 252
965 15 127 251
966 15 125 249
967 15 124 251
968 15 124 250
969 15 123 249
970 15 119 250
971 15 117 249
973 15 117 252
1048 17 -34 825
1048 18 11 833
1049 17 -35 843
1049 18 11 849
1050 17 -39 859
1050 18 11 862
1051 17 -45 871
1051 18 11 874
1052 18 21 878
1053 18 29 883
1054 18 31 887
1055 18 32 887
1056 18 37 887
1057 18 39 888
1058 18 40 888
1059 18 45 879
1060 18 46 881
1061 18 52 876
1062 18 59 874
1063 18 66 874
1064 18 73 874
1065 18 81 878
1066 18 88 881
1067 18 96 891
1068 18 103 894
1069 18 110 895
1070 18 112 895
1071 18 118 897
1072 18 120 901
1073 18 125 905
1074 18 131 905
1075 18 138 905
1076 18 145 907
1077 18 153 908
1078 18 164 914
1079 18 173 918
1080 18 181 926
1081 18 189 938
1082 18 201 948
1083 18 210 950
1084 18 217 949
1085 18 229 948
1086 18 238 953
1087 18 246 955
1088 18 253 956
1089 18 265 956
1090 18 274 955
1091 18 281 956
1092 18 289 956
1093 18 296 957
1094 18 303 959
1095 18 315 960
1096 18 328 960
1097 18 342 958
1098 18 357 956
1099 18 371 955
1100 18 386 960
1101 18 396 962
1102 18 404 962
1103 18 415 962
1104 18 424 969
1105 18 432 971
1106 18 444 970
1107 18 457 970
1108 18 466 971
1109 18 474 973
1110 18 481 966
1111 18 488 976
1112 18 500 986
1113 18 513 992
1114 18 528 998
1115 18 542 997
1116 18 556 995
1116 19 457 603
1117 18 566 994
1117 19 453 594
1118 18 574 999
1119 18 586 1000
1120 18 595 1001
1121 18 603 1009
1122 18 614 1010
1123 18 623 1013
1124 18 635 1013
1125 18 644 1016
1126 18 652 1015
1127 18 663 1016
1128 18 672 1016
1129 18 685 1015
1130 18 699 1012
1131 18 713 1011
1132 18 727 1011
1133 18 737 1011
1134 18 745 1012
1135 18 757 1014
1136 18 761 1017
1137 18 771 1018
1138 18 779 1018
1139 18 787 1019
1140 18 798 1019
1141 18 807 1020
1142 18 814 1028
1143 18 826 1024
1144 18 839 1029
1145 18 849 1032
1146 18 862 1049
1147 18 876 1064
1148 18 891 1067
1149 18 901 1074
1150 18 913 1075
1151 18 922 1073
1152 18 930 1070
1153 18 937 1075
1154 18 948 1077
1155 18 957 1076
1156 18 965 1076
1157 18 976 1073
1158 18 985 1075
1159 18 992 1075
1160 18 999 1074
1161 18 1006 1090
1162 18 1013 1089
1163 18 1025 1096
1164 18 1039 1094
1165 18 1048 1095
1166 18 1061 1101
1167 18 1070 1103
1168 18 1078 1113
1169 18 1080 1115
1170 18 1086 1123
1171 18 1092 1126
1172 18 1099 1137
1173 18 1105 1140
1174 18 1112 1150
1175 18 1120 1153
